[app/ui]
version = 6.2.1
modtime = 1420145845.843847000

[app/launcher]
version = 6.2.1
modtime = 1420145845.847726000
